aquamarine: [0.498, 1.0, 0.831]
azure: [0.0, 0.498, 1.0]
banana: [0.89, 0.811, 0.341]
beige: [0.961, 0.961, 0.863]
black: [0.0, 0.0, 0.0]
blue: [0.0, 0.0, 1.0]
charcoal: [0.275, 0.275, 0.275]
crimson: [0.863, 0.078, 0.235]
cyan: [0.0, 1.0, 1.0]
forestgreen: [0.133, 0.545, 0.133]
fuchsia: [1.0, 0.467, 1.0]
gold: [1.0, 0.843, 0.0]
gray: [0.502, 0.502, 0.502]
green: [0.0, 0.502, 0.0]
hotpink: [0.988, 0.059, 0.753]
indigo: [0.294, 0.0, 0.51]
ivory: [1.0, 1.0, 0.941]
khaki: [0.765, 0.69, 0.569]
lego_blue: [0.0, 0.196, 0.588]
lego_orange: [1.0, 0.588, 0.157]
lime: [0.749, 1.0, 0.0]
maroon: [0.502, 0.0, 0.0]
mediumblue: [0.0, 0.0, 0.804]
navyblue: [0.0, 0.0, 0.502]
olive: [0.502, 0.502, 0.0]
orange: [1.0, 0.647, 0.0]
paraview: [0.3215686274509804, 0.3411764705882353, 0.43137254901960786]
peacock: [0.2, 0.631, 0.788]
plum: [0.518, 0.192, 0.475]
puce: [0.8, 0.533, 0.6]
red: [1.0, 0.0, 0.0]
royalblue: [0.031, 0.298, 0.62]
salmon: [0.98, 0.502, 0.447]
silver: [0.753, 0.753, 0.753]
tan: [0.824, 0.706, 0.549]
teal: [0.0, 0.502, 0.502]
tomato: [1.0, 0.388, 0.278]
violet: [0.71, 0.494, 0.863]
wheat: [0.961, 0.871, 0.702]
white: [1.0, 1.0, 1.0]
yellow: [1.0, 1.0, 0.0]
